,random5M,judy5M,karen5M,perfect5M
550,0.25016296686776957,0.2515160229107145,0.25102122292992196,0.247299787291594
300,0.2573359701450009,0.256756649847315,0.24452019219989102,0.24138718780779306
750,0.25521353257537904,0.26464252783750514,0.24579561590571516,0.23434832368140074
1250,0.254497725033917,0.26589977612388543,0.2469796624801671,0.23262283636203052
1000,0.2532777054782187,0.28089242102721257,0.2472285789593662,0.21860129453520236
1100,0.2507328081510841,0.2828399697443408,0.25449363655334795,0.2119335855512272
250,0.2824975254043822,0.26795853919984175,0.2433105075298479,0.20623342786592805
950,0.28064862290116244,0.26958193091935023,0.24326477030673418,0.20650467587275323
400,0.25403019722719977,0.294960378369689,0.25584865528757145,0.19516076911553976
350,0.22883236577368785,0.3019786251160534,0.27718726325518467,0.19200174585507418
2450,0.22875653321968872,0.3019747358200703,0.27703146872391515,0.19223726223632584
350,0.20932631007109917,0.3073922622960183,0.2935360260900497,0.18974540154283273
700,0.2118454763465291,0.317194164196504,0.2927990975872921,0.17816126186967465
700,0.21414928957190255,0.326158142260357,0.29212516603804656,0.1675674021296937
850,0.21329540686154846,0.3277103807861605,0.2907028487779086,0.1682913635743826
1100,0.21276591342579557,0.3272979576770215,0.29577648127631706,0.16415964762086588
250,0.24943816668982063,0.30666996349273207,0.2792572022050156,0.1646346676124317
300,0.25673522891193074,0.30247027862660436,0.2679232176443174,0.17287127481714748
0,0.1886652514531191,0.22244787490493992,0.24468220834774382,0.34420466529419713
0,0.16228451360042226,0.19143493595984806,0.2356750807332828,0.4106054697064468
350,0.15802362135245362,0.22207833659115434,0.2616174246730411,0.35828061738335093
800,0.1608714798593163,0.230781113400049,0.2615801249078891,0.3467672818327455
450,0.16405747522569192,0.24914956713726175,0.26655914204846864,0.3202338155885778
0,0.15274769108294178,0.20178326233369626,0.24415355648022816,0.4013154901031338
350,0.15066316142086672,0.2300651101201868,0.26816105919092553,0.351110669268021
350,0.14905433447396854,0.2518928632362949,0.28668989952906326,0.3123629027606734
700,0.15672590132905298,0.2664391779928843,0.2865382179194388,0.29029670275862396
250,0.20064179090824819,0.2536776857974939,0.27121306100188464,0.2744674622923733
250,0.2388811875555772,0.24256572230211007,0.2578688077106902,0.2606842824316228
0,0.1817458605231284,0.19923167217393659,0.24078558956477053,0.3782368777381645
0,0.15960288147655582,0.1824374222093513,0.23416493363961416,0.42379476267447863
900,0.16042971059163047,0.18796052779747996,0.23440004983768253,0.417209711773207
300,0.18296172374887507,0.20407950149070955,0.2307439483160102,0.3822148264444051
0,0.16007409316518262,0.1843162139929653,0.23027326340137053,0.4253364294404814
0,0.15120391860308433,0.17665688860386924,0.23009084795468052,0.4420483448383658
300,0.1753150456383205,0.1947106266560396,0.22717232218856004,0.40280200551707973
600,0.18324559898274273,0.2202881957564976,0.233562622748696,0.36290358251206367
0,0.1601841099215723,0.1905979453865007,0.23136564970847304,0.41785229498345383
300,0.18275816081682514,0.2062654908747532,0.22822892509897943,0.3827474232094422
750,0.1845441628386161,0.21679748634308338,0.23035813405144834,0.36830021676685204
200,0.24475099885570026,0.2026053895770605,0.2146216195164404,0.3380219920507988
1050,0.24095701058777627,0.21342994918620317,0.22842412455464198,0.3171889156713787
400,0.22260925456577096,0.25050896671041056,0.2441004028972849,0.28278137582653357
700,0.22399291714755518,0.265173585026681,0.24758952026527375,0.26324397756049
450,0.219827045423326,0.2795362858663198,0.2541980482387581,0.24643862047159618
450,0.2161463802556774,0.2922261371611524,0.2600368690982592,0.2315906134849111
300,0.22914176323404947,0.29049870038384074,0.2519926936711488,0.22836684271096103
350,0.20962362818517224,0.29853512997054904,0.27421125621265086,0.2176299856316277
0,0.1704069996512059,0.22092279543551296,0.24711915784106814,0.36155104707221286
350,0.16429250525084682,0.2448368819809912,0.27044989176063233,0.3204207210075297
250,0.20723034852170438,0.2348676656975451,0.2572042844229935,0.300697701357757
300,0.2217518258955722,0.24295787475714556,0.24964494257730913,0.285645356769973
300,0.2337877641982704,0.2496633396757846,0.24337948006814386,0.27316941605780115
300,0.24376359565788808,0.25522107736140615,0.2381864326765687,0.2628288943041371
250,0.27642914142308417,0.24390961770671413,0.22911114499323118,0.2505500958769705
500,0.2876321021916732,0.23874306920858743,0.25153342214993124,0.22209140644980818
0,0.20063943368278234,0.1977501907201923,0.23833029059283725,0.36328008500418807
300,0.21628903155879503,0.21219353671649277,0.23400147742450977,0.3375159543002024
500,0.23499136873127255,0.21098193326150969,0.2558139378761014,0.2982127601311164
350,0.2141383170974365,0.23716458677123303,0.27716046857429544,0.2715366275570352
350,0.1980440623578911,0.25737219488260377,0.29363558736721135,0.25094815539229376
500,0.21902151827929822,0.25052688434303383,0.30801176880334435,0.22243982857432362
900,0.21821797870723542,0.2541817052824365,0.3062206256630364,0.22137969034729146
400,0.20460842831427822,0.28276914756530724,0.305686195414014,0.20693622870640055
800,0.2051438778033891,0.28845931172763006,0.3034613793853263,0.20293543108365447
600,0.2099252605495344,0.30413938966850085,0.30179748410685786,0.184137865675107
250,0.246964691755951,0.2865048324582124,0.28449994048625976,0.1820305352995768
600,0.24733085378656153,0.3023912540003388,0.2848378938068756,0.16543999840622392
600,0.24765835836338307,0.3166004710392704,0.2851401678003565,0.15060100279699018
450,0.24073613022627946,0.32497339016462795,0.28737510445995107,0.14691537514914155
1000,0.24052614619981982,0.3356303130927257,0.28465918785190997,0.1391843528555446
400,0.22226817078409086,0.34724604549664173,0.2886175841464166,0.14186819957285085
350,0.204318632551538,0.34233237576820447,0.30247811745997416,0.15087087422028345
450,0.20244426006539096,0.3477082537664507,0.30269367200475655,0.14715381416340165
300,0.21778493851294906,0.3364843336064066,0.2873482318684451,0.1583824960121991
950,0.21705596619750334,0.33692180293455926,0.2865403681525301,0.15948186271540735
300,0.22989566175242745,0.3275441236418641,0.27395977533991006,0.1686004392657984
700,0.23065643968110075,0.3356233267084261,0.2748963391146693,0.15882389449580378
1000,0.2311862569434213,0.3454985950068291,0.2730963044618774,0.15021884358787221
750,0.23043426153751864,0.34873372587793755,0.2728741243960229,0.147957888188521
350,0.21062117028652635,0.3434805581756535,0.29032741375704535,0.15557085778077465
0,0.17079360028859814,0.2383415401364866,0.25336502633175034,0.3374998332431649
1250,0.1713807672300456,0.2400047294716388,0.25443224328589076,0.33418226001242496
250,0.2134023938556368,0.23066010897408867,0.2432570498513569,0.3126804473189176
350,0.19747608140573839,0.2523520796278611,0.2674691409856623,0.28270269798073827
600,0.20306698960817463,0.27184416848100995,0.26960511619180266,0.25548372571901273
700,0.20612123916338593,0.2846849291108382,0.27091394167022465,0.23827989005555114
1150,0.20633079899740453,0.2840283516601441,0.27168443073070386,0.23795641861174752
300,0.22100624593177476,0.28370407212608184,0.26164662416153106,0.2336430577806124
600,0.22411296360714136,0.29988618315554577,0.26439730995000527,0.21160354328730754
2300,0.2240837797039176,0.2999327259250233,0.26417386585743663,0.21180962851362242
500,0.24181412413401907,0.28778018460458626,0.282223877281691,0.18818181397970368
550,0.24283622359383197,0.2918082461346121,0.2846114037489581,0.1807441265225979
0,0.1832786474112437,0.21831577005271807,0.25114976833966435,0.3472558141963738
200,0.24361944897444376,0.20396295007311702,0.2332122828944511,0.3192053180579882
0,0.18358218891686562,0.18427104411765968,0.231229874375511,0.4009168925899636
0,0.16031455642893783,0.17663938287397535,0.2304615856025824,0.4325844750945043
500,0.18599682195465828,0.17986132606512376,0.2527154649551635,0.38142638702505444
400,0.17910129822306256,0.22393514617667457,0.26333007812105064,0.3336334774792121
700,0.18420427508414222,0.24087144991498674,0.2651753305121925,0.3097489444886784
0,0.16055564791615984,0.19857505148204918,0.24361725588576819,0.39725204471602266
0,0.15139054668967267,0.18218294675647165,0.23526235499465653,0.43116415155919907
200,0.21510697429058417,0.17165509271635432,0.2190066870596035,0.39423124593345793
0,0.1725320880023811,0.17175003048831333,0.22572445019658816,0.42999343131271733
600,0.18075645131947848,0.1997516580959961,0.23226760943660651,0.38722428114791896
0,0.15921943276972572,0.18263894441942172,0.2308637631502961,0.42727785966055637
0,0.15087269222858943,0.17600685740685976,0.23031969802427124,0.4428007523402794
1050,0.15363314457388696,0.18868848608522756,0.24302618709224486,0.41465218224864053
1100,0.15611107091497153,0.19528379582941457,0.25050307635211727,0.3981020569034967
300,0.17938227522847933,0.2101492972791948,0.24409073312478108,0.3663776943675448
400,0.1738650459949182,0.24791191485350095,0.2565025095614018,0.321720529590179
0,0.1565486465569066,0.20130360622582635,0.2402560763395486,0.4018916708777183
750,0.15970822476882668,0.2120956418667574,0.24175497187165818,0.3864411614927577
300,0.18236372957610827,0.22408357796223685,0.2368399801138071,0.3567127123478478
1500,0.1822537246805622,0.22583877384705725,0.23715051778661322,0.35475698368576736
300,0.201050274956777,0.23547439477391977,0.2330236380255746,0.3304516922437286
450,0.19955657394570317,0.25329621360606935,0.2413286804461978,0.3058185320020298
500,0.22034542206878993,0.24695917147300733,0.26222745029144784,0.2704679561667549
600,0.22352190603833916,0.2670206150936003,0.26491681552399404,0.24454066334406638
0,0.17579332176171625,0.20870924422599835,0.24351706757383898,0.3719803664384463
1050,0.17681385364841656,0.2191076419853421,0.2553021363683626,0.3487763679978788
850,0.17712164068243846,0.22399069275998754,0.25502554563867663,0.34386212091889734
0,0.15781075026181732,0.19203285996258626,0.2396836742392705,0.4104727155363258
250,0.20158641411957126,0.18888900143993545,0.23041485566701309,0.37910972877348037
0,0.16729215158975438,0.178429087029638,0.23014572249087592,0.4241330388897316
250,0.209842265694607,0.17704362897753523,0.2221097632823484,0.39100434204550927
500,0.22934850435499973,0.1802151633201258,0.24540510164421914,0.34503123068065533
0,0.17805143860710224,0.17506751327630624,0.23595524034640045,0.41092580777019105
300,0.19756726461228752,0.1933932935163135,0.23203294781171957,0.3770064940596794
250,0.23620406928106585,0.19007358767448038,0.2237530490793145,0.34996929396513926
400,0.21884669901392914,0.23201944579991984,0.24040265452872162,0.3087312006574293
0,0.17398143030056987,0.1951444289264317,0.23401652593951272,0.3968576148334856
0,0.15659375166744408,0.18085339799371414,0.2315415613443287,0.4310112889945129
250,0.20052672268634736,0.1791545776441813,0.2233251783880058,0.39699352128146564
1250,0.20065497549777767,0.18173128467307448,0.22485604360957445,0.3927576962195734
0,0.16693116956765394,0.1756550909641234,0.2279913870682084,0.4294223524000142
300,0.18835037375316172,0.19388029966703313,0.22543221124475346,0.39233711533505156
250,0.22817853800310628,0.19049764424137458,0.21800551245493244,0.3633183053005868
350,0.20888021698039672,0.22135494070899475,0.24798016246302812,0.3217846798475805
300,0.22311929798295937,0.23175802779417767,0.24199964864829782,0.303123025574565
300,0.23492117571355278,0.24038049168619066,0.23704277728877204,0.2876555553114845
0,0.18021114524632031,0.19838477904750446,0.23271439475050237,0.38868968095567275
250,0.22109137228111655,0.19441988230532029,0.22434641334987615,0.3601423320636869
350,0.2034103868320841,0.2243820994989273,0.2528740300884191,0.3193334835805696
800,0.2040053055367557,0.23297052052382006,0.25327074101906777,0.3097534329203565
350,0.1902234674540864,0.25413524080194216,0.2751976451569546,0.280443646587017
300,0.20765589295561304,0.2589275546477363,0.2645585064025623,0.2688580459940884
250,0.24498865874388914,0.2471370020651865,0.25207440948095816,0.25579992970996623
0,0.18411283054980793,0.2010032862919819,0.23853995196623914,0.37634393119197096
0,0.16052020829390062,0.18312401693685168,0.23329462959353364,0.423061145175714
400,0.15893332896241177,0.2265179795973254,0.24795602504613887,0.36659266639412386
0,0.15076181178142056,0.19301231807353866,0.23694385888368547,0.41928201126135517
500,0.17763528942769788,0.19419258218935648,0.258389409029726,0.36978271935321955
400,0.172482085276586,0.23528015210362963,0.2678217241147524,0.324416038505032
0,0.15601267569966668,0.19640812610136982,0.24464287420518702,0.4029363239937763
1600,0.15621947897598465,0.19722072103240038,0.24451884303187676,0.4020409569597383
1150,0.15774626265192518,0.19887287857949157,0.24598606609744406,0.39739479267113914
350,0.15452102767361856,0.22781889415369483,0.2695753786445006,0.34808469952818605
500,0.1809257370548779,0.22465883338575868,0.28695182998328095,0.3074635995760826
600,0.18826394322502088,0.24707462895172352,0.28703092575722805,0.2776305020660276
250,0.22810327933751423,0.23681616531420166,0.2716420822655094,0.26343847308277474
0,0.17756884766201517,0.1970034129423402,0.24612346624650974,0.3793042731491348
300,0.1971672753625049,0.21157457963460324,0.2404607500546133,0.35079739494827855
800,0.1980720939723734,0.22079874922991663,0.24147364000503502,0.3396555167926751
1000,0.20099344705033517,0.2391015947462405,0.2421266723154592,0.3177782858879653
400,0.19097302803654992,0.2708313284426,0.2549477064562518,0.2832479370645984
0,0.16317889980918687,0.2101860983934992,0.23965350741473385,0.38698149438258006
300,0.185240353598514,0.22250087760477769,0.2350982085366003,0.35716056026010795
200,0.2453734919163578,0.2077050284793925,0.2188599168969451,0.3280615627073047
300,0.25336627590980915,0.22044447496460234,0.21786371054991133,0.30832553857567724
200,0.30628770729016347,0.20586631350763004,0.20344983675999645,0.28439614244221006
0,0.20786947320915797,0.18500869871486708,0.2196953430205808,0.38742648505539407
250,0.24517463197839717,0.18277277128633793,0.21301018202579491,0.35904241470946985
350,0.2219976959383321,0.2153929321093875,0.24412479770172427,0.31848457425055615
250,0.257476664751488,0.20922959053174642,0.23428192709076895,0.2990118176259966
500,0.27104296932950717,0.20838758646942226,0.25605941591337006,0.26451002828770054
800,0.2682806949091961,0.21776995424597348,0.2562980084490521,0.2576513423957783
300,0.27235261420107276,0.22878665823073507,0.24889378748291044,0.2499669400852817
500,0.28406391145470555,0.2255059188158815,0.26884920046812094,0.22158096926129203
600,0.2805133337602137,0.24783228357490056,0.2708394762810708,0.2008149063838148
3000,0.2803833421815362,0.24801222702551354,0.2709574423646602,0.20064698842828993
300,0.2823837365255367,0.25385257404195544,0.26104406927712054,0.20271962015538728
0,0.19860541275369922,0.2036059277275143,0.24201617235802073,0.3557724871607657
0,0.16613685495961833,0.184132678963762,0.23464184994378687,0.41508861613283277
1100,0.1679845017159867,0.1909576351194527,0.24254137187612432,0.3985164912884364
500,0.19271033721797406,0.19239411494385694,0.26328892102165646,0.35160662681651256
300,0.20971710272610522,0.2077542227315013,0.2546881147567208,0.3278405597856726
500,0.22923894901034067,0.2070961946960448,0.27392098431240186,0.2897438719812127
2500,0.22912504558316582,0.20731108239615206,0.2737818441705699,0.28978202785011226
350,0.20961072560684982,0.23433144704783235,0.2910279861979623,0.26502984114735567
200,0.26716405326057313,0.21828323176236675,0.2688690530185181,0.24568366195854185
350,0.23896899366035376,0.24279968325809856,0.28723632473413074,0.23099499834741705
250,0.272254281496379,0.233093791804506,0.2718209317212303,0.22283099497788483
0,0.19467971000351708,0.19556079516259256,0.24619277992608787,0.36356671490780246
1000,0.19785004791101785,0.2157159863299555,0.24649944983779742,0.33993451592122925
550,0.20098686215390457,0.22321040581661666,0.25060535597598604,0.3251973760534928
0,0.16705979330456333,0.19173045725773147,0.2379706155737054,0.4032391338639998
350,0.16170915234142044,0.2223064180793035,0.2633891040959854,0.3525953254832907
750,0.16459828113545594,0.23199774799934236,0.2636756545301765,0.33972831633502515
1250,0.1652810693662288,0.2337588502213647,0.2645837326994186,0.33637634771298797
1400,0.16564522078176655,0.2345540940762941,0.26468228201269306,0.3351184031292463
1050,0.1673742776472381,0.24314804371990595,0.27498962771985214,0.3144880509130039
0,0.15403312848807307,0.19945735270509557,0.24742081821249856,0.3990887005943327
500,0.18049867812465975,0.19983393121496404,0.26755990813170716,0.3521074825286691
0,0.15911953194219747,0.18267082963027154,0.24454140658212895,0.41366823184540197
200,0.22201778087228394,0.1720913290481876,0.22730347230210196,0.37858741777742655
200,0.2782577164500411,0.16263175837170346,0.21189031963262273,0.34722020554563277
400,0.25213749168739014,0.21029575923764648,0.23101180039033134,0.30655494868463207
0,0.18688338366111662,0.18672534459897977,0.2303770703309415,0.396014201408962
0,0.16159394502872815,0.17759055488881306,0.23013107866282145,0.4306844214196373
400,0.1597833277004854,0.22213754293585028,0.24545167345629695,0.3726274559073673
0,0.15109123151566112,0.1913146658109587,0.23597328940138204,0.421620813271998
750,0.15453681942947678,0.20263019725507075,0.2376966352650515,0.405136348050401
350,0.1520439994812374,0.2307187691918548,0.2631776478085066,0.3540595835184013
400,0.15222333519883852,0.2641952593657013,0.271612222090229,0.3119691833452312
1000,0.15850976884922485,0.27931300768255096,0.27005322598879894,0.2921239974794253
750,0.16156656946443151,0.28601676242729457,0.26999052618243574,0.2824261419258381
350,0.15746951656163977,0.2950759983064598,0.28810187070316134,0.25935261442873914
350,0.15430743677318653,0.30206785985963114,0.30208009305212724,0.24154461031505517
250,0.19853593295306524,0.28470106505677373,0.28474601988161735,0.23201698210854363
0,0.1661099278402772,0.2155613592553949,0.25120193925317136,0.36712677365115653
1100,0.1679589319228369,0.22080207721687775,0.2582667100683769,0.35297228079190834
250,0.21042285913988837,0.21393955877490978,0.2465958800021632,0.3290417020830386
1450,0.21010324870477282,0.21511109922171004,0.2462496311881132,0.32853602088540407
0,0.17059287812022716,0.1885915450376101,0.23628254047691402,0.4045330363652487
650,0.17635204446765995,0.19946753660409067,0.24306317491439894,0.38111724401385044
350,0.1688808536323745,0.22827784749533828,0.26731950952270883,0.33552178934957844
400,0.16555183958673667,0.26226296041896846,0.2748910306809706,0.29729416931332425
0,0.15332683677883963,0.20686539991385558,0.2473826066141862,0.3924251566931185
300,0.17707459885231017,0.21974855971081617,0.24150437222814378,0.36167246920872975
0,0.1577925190498344,0.1903888077080638,0.23444350016370313,0.41737517307839855
350,0.15455672807202342,0.22127094135375264,0.26066689849744157,0.3635054320767824
350,0.15205936484695415,0.24510557882177347,0.28090595320898065,0.32192910312229184
400,0.15223549883359708,0.2755842429346583,0.28564642314697797,0.2865338350847667
1500,0.15243825224390906,0.2768048153009257,0.2854503057636519,0.28530662669151347
700,0.15982054203935495,0.2892215108607579,0.2854045918707343,0.26555335522915285
350,0.15612194352269815,0.29754940309008526,0.2999983501305193,0.24633030325669744
900,0.15704428496432912,0.29991398840173306,0.29842708458391093,0.24461464205002678
0,0.15002970672767965,0.22145717643822535,0.2565040797111343,0.37200903712296074
350,0.14856543810632267,0.24524931389439375,0.2776931157232342,0.3284921322760493
350,0.1474353247486689,0.26361193667697663,0.29404668110312315,0.29490605747123133
700,0.15524529401323894,0.2771564365736653,0.2932660988266292,0.2743321705864666
200,0.218553663901719,0.2565748327690669,0.270870242434648,0.2540012608945661
450,0.21502131176534267,0.2719390457170935,0.2747672229130877,0.23827241960447598
0,0.17249888921627066,0.21061539777223046,0.24733462451707705,0.3695510884944217
0,0.15601918812032944,0.18684922153714364,0.23670303311775032,0.42042855722477657
700,0.16309535859742577,0.2069558467676028,0.24082452086952674,0.3891242737654446
1000,0.1685838375005039,0.22627469540784964,0.2415251954335368,0.36361627165810967
800,0.1709075006603692,0.23476917044193174,0.2424852477046021,0.3518380811930969
800,0.1731158202136914,0.24284199082182636,0.24339764423393723,0.3406445447305449
250,0.21491317685198524,0.23313063076475643,0.23364876423913084,0.3183074281441274
300,0.22811963857693804,0.2415181558675029,0.23012125498536148,0.30024095057019745
850,0.22683107681821862,0.24570391691487217,0.2306281523097405,0.29683685395716874
400,0.21142678731027173,0.2760579033837971,0.24584517025947628,0.26667013904645487
0,0.17110581974725675,0.21221167425731705,0.23612579034817358,0.38055671564725246
1100,0.1727029938866013,0.21762124114478978,0.24395051069658377,0.3657252542720252
1000,0.17748631810886814,0.23615730062397788,0.2444217524925535,0.34193462877460057
300,0.19709887181207725,0.2440267719504492,0.239050306666234,0.31982404957123955
850,0.1967755026460447,0.24813447890974547,0.23927938189139072,0.31581063655281905
300,0.21308646240093893,0.2539539009316458,0.23478811944576675,0.2981715172216484
650,0.21593494795919607,0.26035277067241147,0.24167111716137774,0.2820411642070146
600,0.2195770664971231,0.2790001888101945,0.2465307115045833,0.25489203318809905
350,0.20224165510547135,0.28966065070289143,0.26999573256099885,0.2381019616306385
250,0.24027425603729718,0.2738975905791508,0.2568088290663509,0.22901932431720104
0,0.1822857486764534,0.2113744381084777,0.24037479144510476,0.36596502176996404
700,0.18711650010939043,0.22938450455143455,0.24418239584484602,0.3393165994943291
450,0.18724569086297357,0.24791562382786314,0.25118775771464597,0.31365092759451724
0,0.1617343583455992,0.2013050436507236,0.23819632723347256,0.39876427077020454
1000,0.16732272818638208,0.22103863433188653,0.2390898986954977,0.3725487387862337
1500,0.167368862499715,0.22282543948773917,0.23937708017689843,0.37042861783564746
400,0.16435490693737032,0.2579466883053333,0.25277105572596903,0.32492734903132736
450,0.16713518129994936,0.27315111877686016,0.25877608096458476,0.3009376189586058
700,0.17326109174102267,0.2858801536602664,0.26101063563686566,0.2798481189618453
350,0.16649527566307268,0.29497056451505066,0.281171247381866,0.2573629124400108
900,0.1671329866114278,0.297405909741233,0.2801165725960458,0.2553445310512934
450,0.16958969304830332,0.3080144538711551,0.2829366164053785,0.2394592366751632
900,0.17014249728251485,0.31009189205151816,0.2818335022319848,0.23793210843398213
1550,0.17004891725057328,0.3106454841773821,0.28107606104437755,0.2382295375276669
0,0.1550696936355894,0.22561620200858082,0.24977963494766464,0.369534469408165
550,0.16026428448573374,0.23263441150176886,0.2537277609949475,0.3533735430175499
500,0.18595281884311235,0.22887386335105012,0.27308038514297434,0.31209293266286325
400,0.1790664641822105,0.2627347825228367,0.27945149401299146,0.2787472592819613
200,0.23985316108134436,0.2436798331698756,0.25851803075996777,0.2579489749888123
0,0.1821225519771331,0.19966344941022474,0.24103719803755555,0.37717680057508657
500,0.20508539501427983,0.20001432798753815,0.2619723152772892,0.33292796172089284
300,0.2199740089825372,0.21407013754415055,0.2535968631505517,0.31235899032276054
0,0.174418322890678,0.18818811700434804,0.23912998376366007,0.3982635763413138
350,0.1673884194216998,0.21957246204192468,0.26428389720894063,0.3487552213274349
0,0.15403860917807435,0.19032056049228782,0.2432717780530411,0.41236905227659665
200,0.2174747168952968,0.17893127098910208,0.22616824472584698,0.37742576738975414
1750,0.2173256365923258,0.1795789716470393,0.22591274233676475,0.3771826494238702
2650,0.21729309741280323,0.17966460563534373,0.2258614550454361,0.377180841906417
250,0.25338017460161383,0.17811944655703651,0.21837927293456724,0.35012110590678247
500,0.26745730501014864,0.18115682815217107,0.24213979753158477,0.30924606930609566
0,0.19282062639730657,0.17543245849895336,0.2346897612758827,0.3970571538278574
300,0.20980851448289317,0.1936957736339047,0.23098407188649747,0.36551163999670466
1200,0.20992609967406942,0.19646462154482905,0.23426599842883142,0.35934328035227014
0,0.17052422344581256,0.18136504287272237,0.23163824520684592,0.4164724884746191
300,0.191328429889076,0.19861291929752226,0.2284548623445873,0.3816037884688143
1000,0.19474473579892906,0.21854409908691502,0.23006341094277574,0.3566477541713801
450,0.19398545225068034,0.2383378198440337,0.23871323632471467,0.3289634915805713
1050,0.1937358372503952,0.24666759550824185,0.25083370131213495,0.30876286592922814
400,0.18522770986750114,0.276820777151364,0.261840423655439,0.27611108932569595
400,0.17849244850942608,0.30069084279615665,0.27055363965958173,0.2502630690348356
0,0.15834201122708014,0.2217582488477381,0.24570163682733506,0.3741981030978467
0,0.1505326446985774,0.19116766917189534,0.2360701635066823,0.4222295226228448
450,0.154922822752149,0.214149971856124,0.24402037163665133,0.3869068337550757
300,0.17839741114007995,0.22578628274693693,0.23871762734627608,0.3570986787667069
300,0.19785401946195877,0.23543088820594307,0.23432251647217212,0.332392575859926
0,0.1658456500820249,0.1964665443607629,0.23166014895562007,0.40602765660159196
800,0.16830523329161748,0.20644065710892376,0.2331098892585532,0.39214422034090557
0,0.15439392333072924,0.18523128741768066,0.23119019139386116,0.42918459785772894
300,0.17795903970991153,0.20181740597668077,0.22808349874909822,0.3921400555643094
600,0.18561045412102936,0.22664467884156528,0.2343776020991521,0.3533672649382534
1000,0.18944643222453306,0.24451846096140575,0.23555144980211987,0.3304836570119415
1850,0.1894885388387472,0.24470967923773185,0.23542312042014538,0.3303786615033755
400,0.18186543476502662,0.2752708382275973,0.24964099535397866,0.29322273165339735
0,0.15964922285710587,0.21190664463436382,0.23759687452494369,0.39084725798358655
400,0.15824383357854102,0.2493030780556155,0.2513617972843119,0.3410912910815315
600,0.16797667535310049,0.26911706439547395,0.25519830078870853,0.3077079594627171
150,0.22505328780092987,0.25071208440750237,0.2378178626847543,0.2864167651068134
400,0.2100194419412979,0.2800225028155943,0.25153673742641147,0.25842131781669625
0,0.17056039854053504,0.21374816746923975,0.23833157543885894,0.37735985855136617
900,0.17108656790184942,0.2184121476820737,0.23845236450514615,0.37204891991093086
600,0.17946354159854933,0.24148743534098605,0.2436517777581915,0.335397245302273
250,0.22044040260485512,0.23195116281342967,0.23387004889779223,0.31373838568392304
700,0.22200947132257393,0.2482022106204977,0.2382337166908308,0.2915546013660976
1000,0.22317393488747755,0.26449377255991785,0.23912454394472607,0.2732077486078786
1100,0.2221464904955913,0.26726793458037934,0.2467981049081861,0.26378747001584324
0,0.17526027506144795,0.20880509368548336,0.23649510322437628,0.3794395280286923
350,0.1680382328376364,0.23548451561048048,0.26225031289945305,0.33422693865243014
1400,0.1683809101879333,0.2362663191846525,0.2623670359661296,0.3329857346612845
200,0.2302987636462301,0.2200132812657626,0.24324210756209938,0.3064458475259078
1850,0.23024058762107796,0.22026465385917438,0.24309489946667598,0.30639985905307177
250,0.26465409432419584,0.21347160184315503,0.2333851517437644,0.28848915208888465
400,0.241368500308832,0.2505419400684956,0.2480276848031055,0.26006187481956694
500,0.256943467468343,0.244548351481231,0.2680910994200877,0.23041708163033833
400,0.23526456171322807,0.2751431268575807,0.27550184189549776,0.2140904695336935
1550,0.23472137874449178,0.2759380053678046,0.2747881145106847,0.21455250137701892
250,0.26855570603476053,0.2619487109584224,0.2609817559048033,0.20851382710201366
1500,0.26755095040638344,0.26331083248888765,0.26104168009282414,0.20809653701190484
500,0.2798610075266436,0.25572498324999854,0.27948227011875937,0.18493173910459845
0,0.19762772104763884,0.2043315859150794,0.24916195616811487,0.3488787368691668
250,0.23625671122077005,0.19959801506713484,0.23866799105115874,0.32547728266093656
1000,0.23637549521932152,0.21945689351784411,0.23952694463492344,0.3046406666279109
1300,0.23602937296483262,0.22128660637935021,0.24089709591920316,0.301786924736614
750,0.23502356175803144,0.2310313821227485,0.24236239719148447,0.29158265892773566
600,0.23665040524246328,0.25277439764128945,0.2471490098391968,0.26342618727705047
600,0.23810549518184113,0.27222190038849714,0.25143027719775735,0.23824232723190422
0,0.18144523845845612,0.21072501900636742,0.23829031643615747,0.36953942609901896
750,0.18330004751242102,0.2210233015718163,0.23989223261077236,0.3557844183049904
200,0.2436385836933277,0.2063838664070214,0.2231464528447,0.326831097054951
1800,0.24343243821460095,0.20704048916517706,0.2231027337634825,0.3264243388567395
250,0.27614078882570053,0.20195677010665003,0.21597713925696488,0.30592530181068456
400,0.25046167511995965,0.2414264910690428,0.23424703618952686,0.27386479762147065
600,0.2504586441117124,0.262072045873118,0.2398904258012297,0.24757888421393992
1050,0.24626615673131014,0.26874473396728377,0.2519287012094858,0.2330604080919203
1050,0.2423663824445268,0.274951545125498,0.26312648253466875,0.21955558989530657
1250,0.2418488634866393,0.27604967949048237,0.26404303686679664,0.2180584201560817
300,0.2504449333199451,0.2770910531129946,0.25531315390057047,0.2171508596664898
350,0.22606528152889427,0.28818719172035867,0.2767739666362002,0.20897356011454693
250,0.261018481171123,0.2726145883898172,0.2627109201740045,0.20365601026505536
700,0.2591186986780634,0.28538948902508926,0.26460910180354696,0.19088271049330013
550,0.2593084312886908,0.2895325453353568,0.2678439160863299,0.18331510728962247
250,0.28996467813199783,0.27378604389277494,0.2549351527165018,0.18131412525872537
200,0.3390118580930356,0.25356122475184356,0.23659695221532548,0.17082996493979535
400,0.30023209630905856,0.28227795857000104,0.2505702320208922,0.16691971310004808
0,0.20552260177193582,0.21462227657308608,0.23795700317237556,0.3418981184826025
250,0.24313111313753694,0.2085585486147212,0.22891137115516239,0.3193989670925794
300,0.25150770932334493,0.22115190406595625,0.2261947281309464,0.3011456584797524
950,0.2501951233577555,0.22358534165432337,0.22644520033102064,0.29977433465690057
300,0.25736262263493276,0.2336066667086014,0.2241506744083754,0.2848800362480905
300,0.263303311510018,0.241912712089468,0.22224888633765216,0.27253509006286186
250,0.2934431869543324,0.23232146901526032,0.2152336586920603,0.259001685338347
1100,0.28887365196335846,0.23671735334789487,0.2241114971676367,0.25029749752110997
350,0.2557243260669065,0.25702702292553814,0.25269272324921915,0.23455592775833628
0,0.1882734728167112,0.20483619556292315,0.23877958144813632,0.36811075017222933
350,0.17808173742041192,0.2324213448793371,0.26401345889485645,0.32548345880539464
300,0.1975923773909843,0.240930273454709,0.2552886385818997,0.3061887105724071
750,0.19860095460118143,0.24964557291274175,0.25599971449370046,0.29575375799237635
550,0.20170164950266897,0.25550794631781915,0.2596486486712127,0.2831417555082993
1100,0.20175656728150992,0.25873506051467343,0.26628764278974293,0.2732207294140737
0,0.16735809499281526,0.20549815100295238,0.24404833607265597,0.38309541793157625
250,0.2098996853659397,0.2006137919428293,0.2342153487613702,0.3552711739298607
250,0.24694242237693637,0.1963607767982493,0.2256533566071104,0.3310434442177039
150,0.29810674546911436,0.18340317419769037,0.2104849948220879,0.3080050855111074
300,0.29707354962038096,0.20030219802919288,0.21092226493885513,0.291701987411571
250,0.3228483417252079,0.19608945898206456,0.20537109704312329,0.27569110224960425
0,0.21428760014286533,0.18121964741954444,0.22043993359880795,0.38405281883878223
550,0.21663375215220673,0.19037337432542087,0.22579932778825942,0.36719354573411306
700,0.21852823558886336,0.21017873438762869,0.23085292797045578,0.3404401020530522
250,0.2544556609251562,0.2046893711079688,0.22272555658868803,0.31812941137818695
300,0.26089391397515427,0.21794498643942997,0.22106769590432201,0.3000934036810937
300,0.26623017656689185,0.22893173139561976,0.21969359956427562,0.2851444924732127
350,0.2382482334729554,0.2510181286300675,0.2492830175289135,0.2614506203680637
1500,0.23755809684276236,0.25249371949898386,0.24946438521045997,0.26048379844779374
0,0.18123309247834354,0.20307929929576887,0.23752842869798405,0.37815917952790346
350,0.17264801593836657,0.23106538333610396,0.26304782703278595,0.3332387736927436
600,0.18086014019610336,0.25280480918607146,0.2656505812207215,0.30068446939710364
250,0.22165647925138784,0.24180567223166416,0.25302532457206295,0.28351252394488496
0,0.17507036963381611,0.1989371123340205,0.23890848215642158,0.38708403587574164
400,0.17045162611714434,0.23903604915446908,0.2524001009908374,0.3381122237375492
0,0.15522576474706282,0.19786373603689347,0.2386661747543717,0.40824432446167197
350,0.15257572316549928,0.22704004425516328,0.26392593231837896,0.35645830026095854
1000,0.15883629321712553,0.24488480843628752,0.2629310732858069,0.3333478250607802
0,0.1507242052674433,0.2001304414353276,0.24274748680733527,0.40639786648989384
1150,0.15239604405806503,0.20170579301257585,0.24426146719454292,0.40163669573481603
0,0.14822826607201708,0.1833962756671702,0.23551202115135256,0.43286343710945996
350,0.14717509748282553,0.2158741488882332,0.2614915763082363,0.37545917732070505
0,0.14620487149945874,0.18888726738059625,0.24218960514169172,0.42271825597825324
500,0.17364659237810778,0.19058191878139416,0.2629810190416088,0.37279046979888925
450,0.17534464746079192,0.21363244486490268,0.267796871528125,0.3432260361461805
600,0.18327207560110062,0.23721234830954344,0.2698982466740696,0.30961732941528636
350,0.17422169035127788,0.2574090569389502,0.2880306499561473,0.28033860275362477
0,0.15668686521986208,0.20498425406881488,0.2524749081621399,0.3858539725491831
400,0.1558987519847885,0.24382312840472228,0.26313964692514125,0.3371384726853479
350,0.1530951305036006,0.2625112156420097,0.2828144049694719,0.30157924888491794
250,0.19748032732273543,0.2502574451558919,0.26797058175806887,0.2842916457633038
1200,0.19793798180288372,0.25146605658048865,0.2702322466877115,0.2803637149289161
0,0.16587818995625628,0.2026810252391899,0.24557707995137992,0.3858637048531738
150,0.22311191929770552,0.1892502157230912,0.22891699774461924,0.3587208672345841
350,0.20496983237363953,0.22039218318577208,0.2564015785187039,0.3182364059218847
300,0.21987822638569574,0.23096005869973701,0.24897963019272853,0.3001820847218388
1100,0.21901691010472757,0.23542456819257004,0.25615642183923276,0.28940209986346965
0,0.17404739615414594,0.19646409501933157,0.24012194893399594,0.38936655989252655
0,0.15661931694534464,0.18136483881607887,0.23390773758692773,0.42810810665164867
200,0.21978223484762685,0.17092358844324676,0.21779546739865782,0.3914987093104685
1050,0.21773152771414547,0.1839601232308116,0.2313763792040157,0.3669319698510273
700,0.2195321668826223,0.2043137254624516,0.23595322045036138,0.3402008872045647
250,0.2553298257733824,0.19958246322612963,0.2271665939677622,0.3179211170327258
500,0.2691638377701556,0.1999434406522715,0.24983135355606187,0.28106136802151116
500,0.28127277039188564,0.20025940476536727,0.269669853537589,0.24879797130515813
0,0.19817485426919246,0.1828357232678996,0.24535912268420568,0.37363029977870216
0,0.1659699906394869,0.17608311968004461,0.23593742105313584,0.4220094686273325
750,0.16863581937621597,0.18819689900074058,0.23766264668873244,0.405504634934311
200,0.23052668853398223,0.177032417086089,0.22115288751094997,0.3712880068689788
400,0.21435233245827648,0.22169570611254102,0.23834429703734605,0.32560766439183636
500,0.23329617293975416,0.21929919719071927,0.25961521476471683,0.2877894151048097
400,0.21654473043970426,0.25515522052241335,0.2687921047435132,0.25950794429436913
650,0.21915633519549113,0.26147180353887234,0.27334593328130824,0.24602592798432826
300,0.23163652537269336,0.2650083695801392,0.2630237390152054,0.24033136603196195
400,0.21523090900481104,0.2913398248012613,0.27149038377005136,0.2219388824238762
1000,0.21689288676583815,0.3044652912715011,0.26994033002115553,0.2087014919415053
0,0.173224224104028,0.22322104844726523,0.24546394671198804,0.35809078073671863
0,0.156300293979971,0.19173458184333714,0.23597804594094726,0.41598707823574455
0,0.14974137063802836,0.17953190083189519,0.23230175470537365,0.4384249738247027
0,0.14719943888280748,0.17480271270989647,0.2308769962586044,0.4471208521486915
450,0.151977841400142,0.19969107124489338,0.239432061898595,0.4088990254563696
450,0.15619969480005963,0.22168063799197404,0.24699070368896064,0.37512896351900576
350,0.15332739628493836,0.2454217801230148,0.27035075164998223,0.3309000719420648
0,0.14858921461148938,0.2003385465329155,0.24562300692918448,0.40544923192641064
600,0.15934134007842923,0.2253219495692233,0.25006538161740866,0.36527132873493895
500,0.18514496414092907,0.2224732538343883,0.2698746986705196,0.3225070833541631
0,0.16092021497397926,0.191444771645267,0.24543851107177367,0.40219650230898
300,0.18336827194856287,0.20696737184328035,0.23989303383600913,0.36977132237214755
250,0.22384041417437517,0.20189310380498587,0.2305971537996098,0.3436693282210291
400,0.20905929871570558,0.24137609112060382,0.2458206310091753,0.3037439791545152
1100,0.20874333649593657,0.24531555545595257,0.2531566596047216,0.2927844484433893
300,0.22300584636757692,0.25161747276415536,0.24629012120955637,0.2790865596587113
700,0.22435560596527498,0.26618732950711943,0.24959204866399667,0.25986501586360883
0,0.1761164248394808,0.20838630172720465,0.2375779050784215,0.3779193683548929
550,0.18029864746911506,0.21623328616498827,0.2421129461879628,0.3613551201779338
250,0.22116756411594066,0.20996132185642694,0.23253012406987106,0.3363409899577613
300,0.23330350639507164,0.2223145744854433,0.2291940845802098,0.3151878345392753
550,0.2347349748372863,0.2294915954704495,0.23413239560167365,0.3016410340905906
300,0.2445486789188633,0.23850198863079747,0.23052210657166702,0.2864272258786722
400,0.22545251534839972,0.2703566641930345,0.24576122161488134,0.2584295988436844
900,0.22447251773534646,0.2734673822401477,0.24567815103150822,0.2563819489929974
1100,0.2233796151528252,0.2757892078893898,0.253021361672894,0.24780981528489085
600,0.22623576503765866,0.29280692849302725,0.2566826571319489,0.22427464933736524
0,0.17684508651180084,0.21870281260038757,0.24032589310768657,0.3641262077801249
300,0.1965673953141053,0.22955984578664382,0.2356555067031463,0.3382172521961045
900,0.19637996713317252,0.2337899744908111,0.2358497235507846,0.33398033482523176
2000,0.19642527683686842,0.2360577221779354,0.23772300884801834,0.3297939921371779
1050,0.19600531699408016,0.24454669079397365,0.24991261001207807,0.3095353821998681
300,0.21244810400599,0.2509802092546342,0.24360133275210816,0.2929703539872675
0,0.17150163430486595,0.20249273355145497,0.23525618393319064,0.39074944821048835
400,0.16762651971281364,0.24185077407712205,0.249508843962816,0.34101386224724833
500,0.19239699500334934,0.23694096011722451,0.26938756037958206,0.3012744844998442
300,0.20945739309286635,0.24467629796410492,0.25974289294165204,0.2861234160013767
350,0.19443135450731613,0.26316968656827205,0.28019281150402736,0.2622061474203845
350,0.18283435196934292,0.27744276814976715,0.2959759306620785,0.24374694921881157
550,0.18669343577670164,0.28196806945539776,0.2977019699998626,0.2336365247680382
500,0.20908629684692553,0.27205569233047494,0.31157107996517014,0.20728693085742952
300,0.22329010460924884,0.2737806886230753,0.2947061563928256,0.2082230503748502
1000,0.22436057578900032,0.28819491207610776,0.29145217548174407,0.19599233665314786
600,0.2271131610295186,0.30390290393610747,0.291056148540614,0.17792778649375976
